0 0.094910 0.252769 0.119321 0.550838 0.143547 0.546704 0.119136 0.248635
0 0.150651 0.190467 0.195331 0.807345 0.248268 0.799355 0.203587 0.182477
0 0.099305 0.609656 0.117787 0.889918 0.163321 0.883661 0.144839 0.603399
0 0.272552 0.921485 0.274709 0.952413 0.443610 0.927871 0.441453 0.896943
0 0.459523 0.602600 0.475897 0.858167 0.504057 0.854408 0.487683 0.598840
0 0.600349 0.873941 0.602740 0.906312 0.771239 0.880380 0.768848 0.848008
0 0.751040 0.061418 0.776906 0.391711 0.810072 0.386299 0.784206 0.056006
0 0.815495 0.047566 0.841013 0.376941 0.873162 0.371752 0.847644 0.042376
0 0.781413 0.473277 0.813950 0.841960 0.844719 0.836302 0.812182 0.467619
0 0.479339 0.087694 0.513372 0.529651 0.565294 0.521320 0.531261 0.079362
0 0.395549 0.107262 0.436068 0.548502 0.487515 0.538658 0.446995 0.097418