0 0.073396 0.196076 0.106392 0.556273 0.133662 0.551527 0.100666 0.191330
0 0.215670 0.130474 0.218602 0.161269 0.396385 0.129104 0.393452 0.098310
0 0.425442 0.158136 0.453803 0.448033 0.476725 0.443773 0.448364 0.153876
0 0.545035 0.073614 0.547189 0.107511 0.723070 0.086280 0.720916 0.052383
0 0.766582 0.057530 0.790779 0.351360 0.815308 0.347522 0.791111 0.053693
0 0.826050 0.053019 0.848833 0.343778 0.875874 0.339752 0.853090 0.048993
0 0.100492 0.619133 0.131695 0.949239 0.165832 0.943109 0.134630 0.613003
0 0.170956 0.606706 0.204525 0.973849 0.232547 0.968981 0.198978 0.601839
0 0.463287 0.584337 0.483879 0.878786 0.508378 0.875531 0.487786 0.581082
0 0.509616 0.443380 0.548606 0.871911 0.595168 0.863863 0.556178 0.435332
0 0.770580 0.423724 0.812776 0.788924 0.863033 0.777892 0.820837 0.412693
0 0.855795 0.413551 0.888284 0.771658 0.930339 0.764410 0.897851 0.406303
0 0.135824 0.187559 0.173329 0.546265 0.200660 0.540836 0.163155 0.182130
0 0.034990 0.209959 0.035216 0.234494 0.078671 0.233735 0.078446 0.209200
0 0.057776 0.464903 0.057651 0.493803 0.099885 0.494150 0.100010 0.465250