0 0.190000 0.200288 0.171641 0.365035 0.209287 0.371818 0.227646 0.207070
0 0.224447 0.500537 0.186395 0.557081 0.562392 0.966176 0.600444 0.909632
0 0.253727 0.752282 0.236809 0.786263 0.484360 0.985528 0.501278 0.951547
0 0.248121 0.851784 0.232125 0.883717 0.352027 0.980824 0.368023 0.948890
0 0.551001 0.098182 0.598816 0.236637 0.625357 0.221818 0.577543 0.083363
0 0.598381 0.044474 0.798683 0.580680 0.854130 0.547193 0.653828 0.010987
0 0.579162 0.272853 0.717528 0.630981 0.766578 0.600342 0.628212 0.242214
0 0.463057 0.115959 0.475394 0.145097 0.525930 0.110503 0.513593 0.081365
0 0.393512 0.169750 0.403690 0.194498 0.447519 0.165353 0.437341 0.140606
0 0.323813 0.144988 0.347010 0.205627 0.366079 0.193834 0.342881 0.133194
0 0.285778 0.063753 0.308420 0.122574 0.325846 0.111729 0.303204 0.052909